-1.000000 0.000000 0.000000 0.000000 1.000000 0.000000 0.000000 0.000000 -1.000000
-0.971919 0.057372 -0.228215 0.055853 0.998353 0.013115 0.228591 0.000000 -0.973522
-0.990315 -0.121501 -0.067187 -0.121223 0.992591 -0.008224 0.067688 0.000000 -0.997707
-0.998274 0.058503 0.005142 0.058502 0.998287 -0.000301 -0.005151 0.000000 -0.999987
-0.999250 0.015612 0.035443 0.015602 0.999878 -0.000553 -0.035447 0.000000 -0.999372
-0.982590 -0.058652 0.176287 -0.057730 0.998278 0.010357 -0.176591 0.000000 -0.984284
-0.984066 0.053795 0.169471 0.053015 0.998552 -0.009130 -0.169716 0.000000 -0.985493
-0.840523 0.121463 0.527984 0.102854 0.992596 -0.064609 -0.531923 0.000000 -0.846793
-0.805915 -0.002928 0.592025 -0.002360 0.999996 0.001734 -0.592027 0.000000 -0.805918
-0.837441 0.036479 0.545309 0.030569 0.999334 -0.019905 -0.545672 0.000000 -0.837999
-0.949655 0.045980 0.309906 0.043711 0.998942 -0.014264 -0.310234 0.000000 -0.950660
-0.981641 -0.071662 0.176764 -0.070528 0.997429 0.012700 -0.177219 0.000000 -0.984171
-0.948948 0.068108 0.307991 0.064781 0.997678 -0.021025 -0.308707 0.000000 -0.951157
-0.624589 0.402457 -0.669266 -0.458215 0.505111 0.731371 0.632399 0.763473 -0.131075
-0.637682 -0.028949 -0.769755 -0.639402 0.577159 0.507989 0.429565 0.816119 -0.386554
-0.820018 0.200522 -0.536060 -0.362447 0.542934 0.757532 0.442947 0.815484 -0.372537
